






======================================================================
                       Starting Simulation: 12:34:52
----------------------------------------------------------------------

Running simulation based on Z-Matrix File

Reading Configuation File 
Path: demoConfiguration.tt

Reading OPLS File 
Path: 

OplsScan and OPLS ref table Created 

Reading Z-Matrix File 
Path: 

Error, Could not open: 








======================================================================
                       Starting Simulation: 12:34:59
----------------------------------------------------------------------

Running simulation based on Z-Matrix File

Reading Configuation File 
Path: demoConfiguration.txt

Reading OPLS File 
Path: ../Utilities/bossFiles/oplsaa.par

--OPLS: Errors found in the OPLS file: ../Utilities/bossFiles/oplsaa.par
Found Errors in the Format of the following Lines: 
2 394 798 804 805 905 930 933 934 935 
936 937 938 939 940 941 957 958 959 970 
981 982 991 992 1002 1003 1004 1005 1006 1016 
1017 1027 1036 3676 3677 3678 3696 3896 3919 4007 
4008 4193 4396 4439 4455 4521 4530 4531 4559 4560 
4561 4574 4579 4588 4599 4600 4607 4608 4633 

Error - The following Fourier Coefficent values existed more than once: 
001 001 001 001 001 001 001 001 001 001 
002 002 003 005 005 006 005 006 012 012 
012 012 012 013 013 018 018 018 018 018 
018 018 018 018 018 018 019 019 020 020 
020 020 020 020 020 020 020 020 020 020 
020 020 020 020 020 020 020 021 021 021 
021 021 021 021 021 021 021 021 021 021 
021 021 021 021 021 021 022 022 022 022 
022 022 022 022 022 028 028 029 032 032 
034 035 035 041 041 041 041 041 042 042 
043 043 044 044 044 044 044 044 045 045 
045 045 045 045 045 045 045 045 045 047 
047 047 044 045 048 048 048 048 049 051 
054 060 062 064 065 066 067 067 091 094 
095 103 107 108 109 110 111 112 112 112 
113 113 116 116 123 123 123 126 131 132 
146 146 146 146 153 165 165 165 165 165 
165 165 165 165 165 165 165 165 165 165 
165 165 165 165 165 165 165 165 165 165 
165 165 165 165 165 165 165 165 165 165 
165 165 165 165 165 165 165 165 165 165 
165 165 165 165 165 165 165 165 165 165 
165 165 165 165 165 165 165 165 165 165 
165 165 165 165 165 165 165 165 165 165 
165 165 165 165 165 165 165 165 165 165 
165 165 165 165 165 165 165 165 165 165 
165 165 165 165 165 165 165 165 165 165 
165 165 165 165 165 165 165 165 165 165 
165 165 165 165 165 165 165 165 165 165 
165 168 168 168 168 168 168 168 168 168 
168 168 168 170 170 170 170 170 170 170 
170 170 170 170 170 170 170 170 171 171 
171 171 171 171 171 174 174 174 174 174 
174 174 174 174 177 181 181 199 200 202 
202 204 204 205 205 206 207 207 207 207 
207 207 207 207 207 207 207 207 207 207 
207 207 207 207 207 207 207 207 207 207 
207 207 208 208 208 208 208 208 210 211 
214 214 215 215 215 215 215 215 218 218 
218 219 219 219 220 222 222 222 222 222 
222 222 222 222 222 222 222 222 222 222 
222 222 222 222 222 222 222 222 222 222 
222 222 222 222 222 222 222 222 222 222 
222 222 222 222 222 222 222 222 222 222 
222 222 222 223 223 223 223 223 223 223 
223 223 223 223 223 223 223 223 223 223 
223 223 223 223 223 223 223 223 223 223 
223 223 223 223 223 223 223 223 223 223 
223 223 223 223 223 223 223 231 232 233 
233 233 234 234 235 236 242 242 242 242 
242 242 244 244 244 244 244 244 244 244 
244 250 251 252 253 254 255 260 260 260 
260 260 260 260 260 260 260 260 260 260 
260 260 260 261 261 261 262 263 263 264 
266 266 266 266 266 266 266 266 266 266 
266 267 270 270 270 270 270 271 272 275 
277 277 277 278 301 301 301 301 301 301 
302 303 306 306 350 350 351 351 367 367 
404 404 404 404 404 404 404 411 412 413 
414 420 421 


OplsScan and OPLS ref table Created 

Reading Z-Matrix File 
Path: ../Utilities/bossFiles/mesh.z

Opened Z-Matrix File 
Building 108 Molecules...

Molecules Created into an Array

Assigning Molecule Positions...

Finished Assigning Molecule Positions

Using seed number in Simulation:12345

Starting first step in Simulation


Beginning simulation with: 
	molecules 108
	atoms: 864
	steps: 1000

LJ long range correction Energy: -10.5081

Step Number: 0
Current Energy (from original): 113.781

Step Number: 0
Current Energy (from linked-cell neighbor list): 129.969

Step Number: 100
Current Energy: 126.727
Accepted: 97
Rejected: 3

Step Number: 200
Current Energy: 121.392
Accepted: 193
Rejected: 7

Step Number: 300
Current Energy: 118.292
Accepted: 287
Rejected: 13

Step Number: 400
Current Energy: 116.829
Accepted: 378
Rejected: 22

Step Number: 500
Current Energy: 114.102
Accepted: 475
Rejected: 25

Step Number: 600
Current Energy: 110.864
Accepted: 568
Rejected: 32

Step Number: 700
Current Energy: 108.19
Accepted: 662
Rejected: 38

Step Number: 800
Current Energy: 106.261
Accepted: 754
Rejected: 46

Step Number: 900
Current Energy: 102.526
Accepted: 841
Rejected: 59

Step Number: 1000
Current Energy: 100.779
Accepted: 927
Rejected: 73

Steps Complete
Final Energy: 100.779
Accepted Moves: 927
Rejected Moves: 73
Acceptance Rate: 92%

Step Number: 0
Final Energy (from original): 109.142


Simulation Complete 
Run Time: 3.51066








======================================================================
                       Starting Simulation: 13:09:13
----------------------------------------------------------------------

Running simulation based on Z-Matrix File

Reading Configuation File 
Path: demoConfiguration.txt

Reading OPLS File 
Path: ../Utilities/bossFiles/oplsaa.par

--OPLS: Errors found in the OPLS file: ../Utilities/bossFiles/oplsaa.par
Found Errors in the Format of the following Lines: 
2 394 798 804 805 905 930 933 934 935 
936 937 938 939 940 941 957 958 959 970 
981 982 991 992 1002 1003 1004 1005 1006 1016 
1017 1027 1036 3676 3677 3678 3696 3896 3919 4007 
4008 4193 4396 4439 4455 4521 4530 4531 4559 4560 
4561 4574 4579 4588 4599 4600 4607 4608 4633 

Error - The following Fourier Coefficent values existed more than once: 
001 001 001 001 001 001 001 001 001 001 
002 002 003 005 005 006 005 006 012 012 
012 012 012 013 013 018 018 018 018 018 
018 018 018 018 018 018 019 019 020 020 
020 020 020 020 020 020 020 020 020 020 
020 020 020 020 020 020 020 021 021 021 
021 021 021 021 021 021 021 021 021 021 
021 021 021 021 021 021 022 022 022 022 
022 022 022 022 022 028 028 029 032 032 
034 035 035 041 041 041 041 041 042 042 
043 043 044 044 044 044 044 044 045 045 
045 045 045 045 045 045 045 045 045 047 
047 047 044 045 048 048 048 048 049 051 
054 060 062 064 065 066 067 067 091 094 
095 103 107 108 109 110 111 112 112 112 
113 113 116 116 123 123 123 126 131 132 
146 146 146 146 153 165 165 165 165 165 
165 165 165 165 165 165 165 165 165 165 
165 165 165 165 165 165 165 165 165 165 
165 165 165 165 165 165 165 165 165 165 
165 165 165 165 165 165 165 165 165 165 
165 165 165 165 165 165 165 165 165 165 
165 165 165 165 165 165 165 165 165 165 
165 165 165 165 165 165 165 165 165 165 
165 165 165 165 165 165 165 165 165 165 
165 165 165 165 165 165 165 165 165 165 
165 165 165 165 165 165 165 165 165 165 
165 165 165 165 165 165 165 165 165 165 
165 165 165 165 165 165 165 165 165 165 
165 168 168 168 168 168 168 168 168 168 
168 168 168 170 170 170 170 170 170 170 
170 170 170 170 170 170 170 170 171 171 
171 171 171 171 171 174 174 174 174 174 
174 174 174 174 177 181 181 199 200 202 
202 204 204 205 205 206 207 207 207 207 
207 207 207 207 207 207 207 207 207 207 
207 207 207 207 207 207 207 207 207 207 
207 207 208 208 208 208 208 208 210 211 
214 214 215 215 215 215 215 215 218 218 
218 219 219 219 220 222 222 222 222 222 
222 222 222 222 222 222 222 222 222 222 
222 222 222 222 222 222 222 222 222 222 
222 222 222 222 222 222 222 222 222 222 
222 222 222 222 222 222 222 222 222 222 
222 222 222 223 223 223 223 223 223 223 
223 223 223 223 223 223 223 223 223 223 
223 223 223 223 223 223 223 223 223 223 
223 223 223 223 223 223 223 223 223 223 
223 223 223 223 223 223 223 231 232 233 
233 233 234 234 235 236 242 242 242 242 
242 242 244 244 244 244 244 244 244 244 
244 250 251 252 253 254 255 260 260 260 
260 260 260 260 260 260 260 260 260 260 
260 260 260 261 261 261 262 263 263 264 
266 266 266 266 266 266 266 266 266 266 
266 267 270 270 270 270 270 271 272 275 
277 277 277 278 301 301 301 301 301 301 
302 303 306 306 350 350 351 351 367 367 
404 404 404 404 404 404 404 411 412 413 
414 420 421 


OplsScan and OPLS ref table Created 

Reading Z-Matrix File 
Path: ../Utilities/bossFiles/mesh.z

Opened Z-Matrix File 
Building 108 Molecules...

Molecules Created into an Array

Assigning Molecule Positions...

Finished Assigning Molecule Positions

Using seed number in Simulation:12345

Starting first step in Simulation


Beginning simulation with: 
	molecules 108
	atoms: 864
	steps: 1000

LJ long range correction Energy: -10.5081

Step Number: 0
Current Energy (from original): 113.781

Step Number: 0
Current Energy (from linked-cell neighbor list): 129.969

Step Number: 100
Current Energy: 126.727
Accepted: 97
Rejected: 3

Step Number: 200
Current Energy: 121.392
Accepted: 193
Rejected: 7

Step Number: 300
Current Energy: 118.292
Accepted: 287
Rejected: 13

Step Number: 400
Current Energy: 116.829
Accepted: 378
Rejected: 22

Step Number: 500
Current Energy: 114.102
Accepted: 475
Rejected: 25

Step Number: 600
Current Energy: 110.864
Accepted: 568
Rejected: 32

Step Number: 700
Current Energy: 108.19
Accepted: 662
Rejected: 38

Step Number: 800
Current Energy: 106.261
Accepted: 754
Rejected: 46

Step Number: 900
Current Energy: 102.526
Accepted: 841
Rejected: 59

Step Number: 1000
Current Energy: 100.779
Accepted: 927
Rejected: 73

Steps Complete
Final Energy: 100.779
Accepted Moves: 927
Rejected Moves: 73
Acceptance Rate: 92%

Step Number: 0
Final Energy (from original): 109.142


Simulation Complete 
Run Time: 3.52264








======================================================================
                       Starting Simulation: 13:09:40
----------------------------------------------------------------------

Running simulation based on Z-Matrix File

Reading Configuation File 
Path: demoConfiguration.txt

Reading OPLS File 
Path: ../Utilities/bossFiles/oplsaa.par

--OPLS: Errors found in the OPLS file: ../Utilities/bossFiles/oplsaa.par
Found Errors in the Format of the following Lines: 
2 394 798 804 805 905 930 933 934 935 
936 937 938 939 940 941 957 958 959 970 
981 982 991 992 1002 1003 1004 1005 1006 1016 
1017 1027 1036 3676 3677 3678 3696 3896 3919 4007 
4008 4193 4396 4439 4455 4521 4530 4531 4559 4560 
4561 4574 4579 4588 4599 4600 4607 4608 4633 

Error - The following Fourier Coefficent values existed more than once: 
001 001 001 001 001 001 001 001 001 001 
002 002 003 005 005 006 005 006 012 012 
012 012 012 013 013 018 018 018 018 018 
018 018 018 018 018 018 019 019 020 020 
020 020 020 020 020 020 020 020 020 020 
020 020 020 020 020 020 020 021 021 021 
021 021 021 021 021 021 021 021 021 021 
021 021 021 021 021 021 022 022 022 022 
022 022 022 022 022 028 028 029 032 032 
034 035 035 041 041 041 041 041 042 042 
043 043 044 044 044 044 044 044 045 045 
045 045 045 045 045 045 045 045 045 047 
047 047 044 045 048 048 048 048 049 051 
054 060 062 064 065 066 067 067 091 094 
095 103 107 108 109 110 111 112 112 112 
113 113 116 116 123 123 123 126 131 132 
146 146 146 146 153 165 165 165 165 165 
165 165 165 165 165 165 165 165 165 165 
165 165 165 165 165 165 165 165 165 165 
165 165 165 165 165 165 165 165 165 165 
165 165 165 165 165 165 165 165 165 165 
165 165 165 165 165 165 165 165 165 165 
165 165 165 165 165 165 165 165 165 165 
165 165 165 165 165 165 165 165 165 165 
165 165 165 165 165 165 165 165 165 165 
165 165 165 165 165 165 165 165 165 165 
165 165 165 165 165 165 165 165 165 165 
165 165 165 165 165 165 165 165 165 165 
165 165 165 165 165 165 165 165 165 165 
165 168 168 168 168 168 168 168 168 168 
168 168 168 170 170 170 170 170 170 170 
170 170 170 170 170 170 170 170 171 171 
171 171 171 171 171 174 174 174 174 174 
174 174 174 174 177 181 181 199 200 202 
202 204 204 205 205 206 207 207 207 207 
207 207 207 207 207 207 207 207 207 207 
207 207 207 207 207 207 207 207 207 207 
207 207 208 208 208 208 208 208 210 211 
214 214 215 215 215 215 215 215 218 218 
218 219 219 219 220 222 222 222 222 222 
222 222 222 222 222 222 222 222 222 222 
222 222 222 222 222 222 222 222 222 222 
222 222 222 222 222 222 222 222 222 222 
222 222 222 222 222 222 222 222 222 222 
222 222 222 223 223 223 223 223 223 223 
223 223 223 223 223 223 223 223 223 223 
223 223 223 223 223 223 223 223 223 223 
223 223 223 223 223 223 223 223 223 223 
223 223 223 223 223 223 223 231 232 233 
233 233 234 234 235 236 242 242 242 242 
242 242 244 244 244 244 244 244 244 244 
244 250 251 252 253 254 255 260 260 260 
260 260 260 260 260 260 260 260 260 260 
260 260 260 261 261 261 262 263 263 264 
266 266 266 266 266 266 266 266 266 266 
266 267 270 270 270 270 270 271 272 275 
277 277 277 278 301 301 301 301 301 301 
302 303 306 306 350 350 351 351 367 367 
404 404 404 404 404 404 404 411 412 413 
414 420 421 


OplsScan and OPLS ref table Created 

Reading Z-Matrix File 
Path: ../Utilities/bossFiles/mesh.z

Opened Z-Matrix File 
Building 108 Molecules...

Molecules Created into an Array

Assigning Molecule Positions...

Finished Assigning Molecule Positions

Using seed number in Simulation:12345

Starting first step in Simulation


Beginning simulation with: 
	molecules 108
	atoms: 864
	steps: 1000

LJ long range correction Energy: -10.5081

Step Number: 0
Current Energy (from original): 113.781

Step Number: 0
Current Energy (from linked-cell neighbor list): 129.969

Step Number: 100
Current Energy: 126.727
Accepted: 97
Rejected: 3

Step Number: 200
Current Energy: 121.392
Accepted: 193
Rejected: 7

Step Number: 300
Current Energy: 118.292
Accepted: 287
Rejected: 13

Step Number: 400
Current Energy: 116.829
Accepted: 378
Rejected: 22

Step Number: 500
Current Energy: 114.102
Accepted: 475
Rejected: 25

Step Number: 600
Current Energy: 110.864
Accepted: 568
Rejected: 32

Step Number: 700
Current Energy: 108.19
Accepted: 662
Rejected: 38

Step Number: 800
Current Energy: 106.261
Accepted: 754
Rejected: 46

Step Number: 900
Current Energy: 102.526
Accepted: 841
Rejected: 59

Step Number: 1000
Current Energy: 100.779
Accepted: 927
Rejected: 73

Steps Complete
Final Energy: 100.779
Accepted Moves: 927
Rejected Moves: 73
Acceptance Rate: 92%

Step Number: 0
Final Energy (from original): 109.142


Simulation Complete 
Run Time: 3.49055








======================================================================
                       Starting Simulation: 13:39:14
----------------------------------------------------------------------

Running simulation based on Z-Matrix File

Reading Configuation File 
Path: demoConfiguration.txt

Reading OPLS File 
Path: ../Utilities/bossFiles/oplsaa.par

--OPLS: Errors found in the OPLS file: ../Utilities/bossFiles/oplsaa.par
Found Errors in the Format of the following Lines: 
2 394 798 804 805 905 930 933 934 935 
936 937 938 939 940 941 957 958 959 970 
981 982 991 992 1002 1003 1004 1005 1006 1016 
1017 1027 1036 3676 3677 3678 3696 3896 3919 4007 
4008 4193 4396 4439 4455 4521 4530 4531 4559 4560 
4561 4574 4579 4588 4599 4600 4607 4608 4633 

Error - The following Fourier Coefficent values existed more than once: 
001 001 001 001 001 001 001 001 001 001 
002 002 003 005 005 006 005 006 012 012 
012 012 012 013 013 018 018 018 018 018 
018 018 018 018 018 018 019 019 020 020 
020 020 020 020 020 020 020 020 020 020 
020 020 020 020 020 020 020 021 021 021 
021 021 021 021 021 021 021 021 021 021 
021 021 021 021 021 021 022 022 022 022 
022 022 022 022 022 028 028 029 032 032 
034 035 035 041 041 041 041 041 042 042 
043 043 044 044 044 044 044 044 045 045 
045 045 045 045 045 045 045 045 045 047 
047 047 044 045 048 048 048 048 049 051 
054 060 062 064 065 066 067 067 091 094 
095 103 107 108 109 110 111 112 112 112 
113 113 116 116 123 123 123 126 131 132 
146 146 146 146 153 165 165 165 165 165 
165 165 165 165 165 165 165 165 165 165 
165 165 165 165 165 165 165 165 165 165 
165 165 165 165 165 165 165 165 165 165 
165 165 165 165 165 165 165 165 165 165 
165 165 165 165 165 165 165 165 165 165 
165 165 165 165 165 165 165 165 165 165 
165 165 165 165 165 165 165 165 165 165 
165 165 165 165 165 165 165 165 165 165 
165 165 165 165 165 165 165 165 165 165 
165 165 165 165 165 165 165 165 165 165 
165 165 165 165 165 165 165 165 165 165 
165 165 165 165 165 165 165 165 165 165 
165 168 168 168 168 168 168 168 168 168 
168 168 168 170 170 170 170 170 170 170 
170 170 170 170 170 170 170 170 171 171 
171 171 171 171 171 174 174 174 174 174 
174 174 174 174 177 181 181 199 200 202 
202 204 204 205 205 206 207 207 207 207 
207 207 207 207 207 207 207 207 207 207 
207 207 207 207 207 207 207 207 207 207 
207 207 208 208 208 208 208 208 210 211 
214 214 215 215 215 215 215 215 218 218 
218 219 219 219 220 222 222 222 222 222 
222 222 222 222 222 222 222 222 222 222 
222 222 222 222 222 222 222 222 222 222 
222 222 222 222 222 222 222 222 222 222 
222 222 222 222 222 222 222 222 222 222 
222 222 222 223 223 223 223 223 223 223 
223 223 223 223 223 223 223 223 223 223 
223 223 223 223 223 223 223 223 223 223 
223 223 223 223 223 223 223 223 223 223 
223 223 223 223 223 223 223 231 232 233 
233 233 234 234 235 236 242 242 242 242 
242 242 244 244 244 244 244 244 244 244 
244 250 251 252 253 254 255 260 260 260 
260 260 260 260 260 260 260 260 260 260 
260 260 260 261 261 261 262 263 263 264 
266 266 266 266 266 266 266 266 266 266 
266 267 270 270 270 270 270 271 272 275 
277 277 277 278 301 301 301 301 301 301 
302 303 306 306 350 350 351 351 367 367 
404 404 404 404 404 404 404 411 412 413 
414 420 421 


OplsScan and OPLS ref table Created 

Reading Z-Matrix File 
Path: ../Utilities/bossFiles/mesh.z

Opened Z-Matrix File 
Building 108 Molecules...

Molecules Created into an Array

Assigning Molecule Positions...

Finished Assigning Molecule Positions

Using seed number in Simulation:12345

Starting first step in Simulation


Beginning simulation with: 
	molecules 108
	atoms: 864
	steps: 1000

LJ long range correction Energy: -10.5081

Step Number: 0
Current Energy (from original): 113.781

Step Number: 0
Current Energy (from linked-cell neighbor list): 129.969

Step Number: 100
Current Energy: 126.727
Accepted: 97
Rejected: 3

Step Number: 200
Current Energy: 121.392
Accepted: 193
Rejected: 7

Step Number: 300
Current Energy: 118.292
Accepted: 287
Rejected: 13

Step Number: 400
Current Energy: 116.829
Accepted: 378
Rejected: 22

Step Number: 500
Current Energy: 114.102
Accepted: 475
Rejected: 25

Step Number: 600
Current Energy: 110.864
Accepted: 568
Rejected: 32

Step Number: 700
Current Energy: 108.19
Accepted: 662
Rejected: 38

Step Number: 800
Current Energy: 106.261
Accepted: 754
Rejected: 46

Step Number: 900
Current Energy: 102.526
Accepted: 841
Rejected: 59

Step Number: 1000
Current Energy: 100.779
Accepted: 927
Rejected: 73

Steps Complete
Final Energy: 100.779
Accepted Moves: 927
Rejected Moves: 73
Acceptance Rate: 92%

Step Number: 0
Final Energy (from original): 109.142


Simulation Complete 
Run Time: 3.5452

